  kft    grams/cm^2
 -0.60, 1055.8249
 -0.50, 1052.0519
 -0.40, 1048.2790
 -0.30, 1044.5060
 -0.20, 1040.7330
 -0.10, 1036.9600 
  0.00, 1033.2380
  0.10, 1029.4033
  0.20, 1025.7323
  0.30, 1022.0613
  0.40, 1018.3700
  0.50, 1014.6888
  0.60, 1011.0178
  0.70, 1007.3570
  0.80, 1003.6963
  0.90, 1000.0559
  1.00,  996.4257
  1.10,  992.8057
  1.20,  989.1959
  1.30,  985.5963
  1.40,  982.0069
  1.50,  978.4277
  1.60,  974.8689
  1.70,  971.3101
  1.80,  967.7615
  1.90,  964.2231
  2.00,  960.6948
  2.10,  957.1870
  2.20,  953.6792
  2.30,  950.1816
  2.40,  946.7043
  2.50,  943.2271
  2.60,  939.7703
  2.70,  936.3134
  2.80,  932.8668
  2.90,  929.4405
  3.00,  926.0143
  3.10,  922.6084
  3.20,  919.2026
  3.30,  915.8069
  3.40,  912.4317
  3.50,  909.0564
  3.60,  905.7016
  3.70,  902.3467
  3.80,  899.0020
  3.90,  895.6777
  4.00,  892.3535
  4.10,  889.0394
  4.20,  885.7457
  4.30,  882.4520
  4.40,  879.1685
  4.50,  875.8953
  4.60,  872.6424
  4.70,  869.3895
  4.80,  866.1468
  4.90,  862.9143
  5.00,  859.6920
  5.10,  856.4799
  5.20,  853.2780
  5.30,  850.0862
  5.40,  846.8945
  5.50,  843.7232
  5.60,  840.5621
  5.70,  837.4112
  5.80,  834.2603
  5.90,  831.1297
  6.00,  827.9992
  6.10,  824.8891
  6.20,  821.7789
  6.30,  818.6790
  6.40,  815.5893
  6.50,  812.5199
  6.60,  809.4506
  6.70,  806.3914
  6.80,  803.3323
  6.90,  800.2935
  7.00,  797.2650
  7.10,  794.2466
  7.20,  791.2282
  7.30,  788.2303
  7.40,  785.2323
  7.50,  782.2445
  7.60,  779.2670
  7.70,  776.2996
  7.80,  773.3424
  7.90,  770.3954
  8.00,  767.4587
  8.10,  764.5321
  8.20,  761.6055
  8.30,  758.6993
  8.40,  755.7931
  8.50,  752.8971
  8.60,  750.0113
  8.70,  747.1357
  8.80,  744.2703
  8.90,  741.4049
  9.00,  738.5599
  9.10,  735.7149
  9.20,  732.8903
  9.30,  730.0657
  9.40,  727.2513
  9.50,  724.4470
  9.60,  721.6530
  9.70,  718.8590
  9.80,  716.0854
  9.90,  713.3117
 10.00,  710.5483
 10.10,  707.7951
 10.20,  705.0520
 10.30,  702.3192
 10.40,  699.5864
 10.50,  696.8739
 10.60,  694.1615
 10.70,  691.4592
 10.80,  688.7672
 10.90,  686.0853
 11.00,  683.4035
 11.10,  680.7420
 11.20,  678.0805
 11.30,  675.4293
 11.40,  672.7882
 11.50,  670.1574
 11.60,  667.5265
 11.70,  664.9058
 11.80,  662.3055
 11.90,  659.7053
 12.00,  657.1050
 12.10,  654.5251
 12.20,  651.9452
 12.30,  649.3857
 12.40,  646.8263
 12.50,  644.2668
 12.60,  641.7277
 12.70,  639.1886
 12.80,  636.6699
 12.90,  634.1512
 13.00,  631.6325
 13.10,  629.1342
 13.20,  626.6359
 13.30,  624.1580
 13.40,  621.6699
 13.50,  619.2021
 13.60,  616.7446
 13.70,  614.2871
 13.80,  611.8398
 13.90,  609.4027
 14.00,  606.9656
 14.10,  604.5488
 14.20,  602.1321
 14.30,  599.7256
 14.40,  597.3292
 14.50,  594.9329
 14.60,  592.5468
 14.70,  590.1708
 14.80,  587.8051
 14.90,  585.4393
 15.00,  583.0940
 15.10,  580.7385
 15.20,  578.4033
 15.30,  576.0784
 15.40,  573.7534
 15.50,  571.4386
 15.60,  569.1341
 15.70,  566.8295
 15.80,  564.5352
 15.90,  562.2510
 16.00,  559.9770
 16.10,  557.7031
 16.20,  555.4393
 16.30,  553.1857
 16.40,  550.9424
 16.50,  548.6990
 16.60,  546.4658
 16.70,  544.2428
 16.80,  542.0198
 16.90,  539.8071
 17.00,  537.6045
 17.10,  535.4121
 17.20,  533.2197
 17.30,  531.0375
 17.40,  528.8655
 17.50,  526.7037
 17.60,  524.5419
 17.70,  522.3903
 17.80,  520.2387
 17.90,  518.0973
 18.00,  515.9661
 18.10,  513.8451
 18.20,  511.7241
 18.30,  509.6133
 18.40,  507.5127
 18.50,  505.4222
 18.60,  503.3318
 18.70,  501.2516
 18.80,  499.1714
 18.90,  497.1014
 19.00,  495.0415
 19.10,  492.9919
 19.20,  490.9423
 19.30,  488.9028
 19.40,  486.8634
 19.50,  484.8444
 19.60,  482.8253
 19.70,  480.8063
 19.80,  478.7975
 19.90,  476.7988
 20.00,  474.8104
 20.10,  472.8219
 20.20,  470.8437
 20.30,  468.8654
 20.40,  466.9076
 20.50,  464.9497
 20.60,  462.9919
 20.70,  461.0442
 20.80,  459.1067
 20.90,  457.1795
 21.00,  455.2522
 21.10,  453.3249
 21.20,  451.4181
 21.30,  449.5112
 21.40,  447.6145
 21.50,  445.7179
 21.60,  443.8314
 21.70,  441.9449
 21.80,  440.0788
 21.90,  438.2128
 22.00,  436.3467
 22.10,  434.4908
 22.20,  432.6451
 22.30,  430.7994
 22.40,  428.9639
 22.50,  427.1386
 22.60,  425.3133
 22.70,  423.4983
 22.80,  421.6832
 22.90,  419.8885
 23.00,  418.0836
 23.10,  416.2991
 23.20,  414.5044
 23.30,  412.7301
 23.40,  410.9557
 23.50,  409.1916
 23.60,  407.4275
 23.70,  405.6736
 23.80,  403.9299
 23.90,  402.1862
 24.00,  400.4527
 24.10,  398.7192
 24.20,  396.9958
 24.30,  395.2725
 24.40,  393.5594
 24.50,  391.8565
 24.60,  390.1535
 24.70,  388.4608
 24.80,  386.7783
 24.90,  385.0957
 25.00,  383.4132
 25.10,  381.7511
 25.20,  380.0787
 25.30,  378.4268
 25.40,  376.7749
 25.50,  375.1229
 25.60,  373.4812
 25.70,  371.8496
 25.80,  370.2181
 25.90,  368.5967
 26.00,  366.9754
 26.10,  365.3642
 26.20,  363.7633
 26.30,  362.1623
 26.40,  360.5614
 26.50,  358.9808
 26.60,  357.3901
 26.70,  355.8197
 26.80,  354.2391
 26.90,  352.6790
 27.00,  351.1188
 27.10,  349.5586
 27.20,  348.0087
 27.30,  346.4689
 27.40,  344.9291
 27.50,  343.3996
 27.60,  341.8700
 27.70,  340.3404
 27.80,  338.8312
 27.90,  337.3221
 28.00,  335.8129
 28.10,  334.3139
 28.20,  332.8149
 28.30,  331.3261
 28.40,  329.8475
 28.50,  328.3689
 28.60,  326.8904
 28.70,  325.4220
 28.80,  323.9638
 28.90,  322.5056
 29.00,  321.0576
 29.10,  319.6096
 29.20,  318.1616
 29.30,  316.7340
 29.40,  315.2962
 29.50,  313.8686
 29.60,  312.4512
 29.70,  311.0338
 29.80,  309.6266
 29.90,  308.2194
 30.00,  306.8223
 30.10,  305.4253
 30.20,  304.0385
 30.30,  302.6517
 30.40,  301.2751
 30.50,  299.8985
 30.60,  298.5321
 30.70,  297.1656
 30.80,  295.8094
 30.90,  294.4532
 31.00,  293.1072
 31.10,  291.7611
 31.20,  290.4253
 31.30,  289.0895
 31.40,  287.7639
 31.50,  286.4382
 31.60,  285.1228
 31.70,  283.8074
 31.80,  282.5021
 31.90,  281.1969
 32.00,  279.8916
 32.10,  278.5966
 32.20,  277.3118
 32.30,  276.0269
 32.40,  274.7523
 32.50,  273.4674
 32.60,  272.2030
 32.70,  270.9385
 32.80,  269.6741
 32.90,  268.4198
 33.00,  267.1656
 33.10,  265.9215
 33.20,  264.6775
 33.30,  263.4436
 33.40,  262.2098
 33.50,  260.9861
 33.60,  259.7625
 33.70,  258.5388
 33.80,  257.3253
 33.90,  256.1221
 34.00,  254.9188
 34.10,  253.7155
 34.20,  252.5225
 34.30,  251.3294
 34.40,  250.1465
 34.50,  248.9637
 34.60,  247.7808
 34.70,  246.6081
 34.80,  245.4456
 34.90,  244.2832
 35.00,  243.1207
 35.20,  240.8161
 35.40,  238.5218
 35.60,  236.2580
 35.80,  234.0044
 36.00,  231.7712
 36.20,  229.5483
 36.40,  227.3559
 36.60,  225.1839
 36.80,  223.0323
 37.00,  220.8909
 37.20,  218.7801
 37.40,  216.6897
 37.60,  214.6094
 37.80,  212.5598
 38.00,  210.5306
 38.20,  208.5115
 38.40,  206.5231
 38.60,  204.5448
 38.80,  202.5870
 39.00,  200.6495
 39.20,  198.7325
 39.40,  196.8256
 39.60,  194.9391
 39.80,  193.0832
 40.00,  191.2273
 40.20,  189.4020
 40.40,  187.5870
 40.60,  185.7923
 40.80,  184.0179
 41.00,  182.2538
 41.20,  180.5101
 41.40,  178.7868
 41.60,  177.0737
 41.80,  175.3810
 42.00,  173.7086
 42.20,  172.0465
 42.40,  170.3945
 42.60,  168.7630
 42.80,  167.1518
 43.00,  165.5509
 43.20,  163.9703
 43.40,  162.4000
 43.60,  160.8500
 43.80,  159.3102
 44.00,  157.7807
 44.20,  156.2715
 44.40,  154.7827
 44.60,  153.2939
 44.80,  151.8357
 45.00,  150.3775
 45.20,  148.9397
 45.40,  147.5121
 45.60,  146.1049
 45.80,  144.7079
 46.00,  143.3211
 46.20,  141.9547
 46.40,  140.5984
 46.60,  139.2524
 46.80,  137.9166
 47.00,  136.6012
 47.20,  135.2857
 47.40,  133.9907
 47.60,  132.7160
 47.80,  131.4414
 48.00,  130.1871
 48.20,  128.9431
 48.40,  127.7092
 48.60,  126.4856
 48.80,  125.2721
 49.00,  124.0790
 49.20,  122.8860
 49.40,  121.7133
 49.60,  120.5508
 49.80,  119.3985
 50.00,  118.2565
 50.20,  117.1246
 50.40,  116.0029
 50.60,  114.8914
 50.80,  113.7901
 51.00,  112.7092
 51.20,  111.6283
 51.40,  110.5576
 51.60,  109.4971
 51.80,  108.4570
 52.00,  107.4169
 52.20,  106.3870
 52.40,  105.3673
 52.60,  104.3577
 52.80,  103.3686
 53.00,  102.3795
 53.20,  101.3995
 53.40,  100.4298
 53.60,   99.4692
 53.80,   98.5178
 54.00,   97.5746
 54.20,   96.6415
 54.40,   95.7167
 54.60,   94.8010
 54.80,   93.8944
 55.00,   92.9961
 55.20,   92.1069
 55.40,   91.2248
 55.60,   90.3530
 55.80,   89.4882
 56.00,   88.6317
 56.20,   87.7843
 56.40,   86.9440
 56.60,   86.1130
 56.80,   85.2890
 57.00,   84.4733
 57.20,   83.6646
 57.40,   82.8642
 57.60,   82.0718
 57.80,   81.2867
 58.00,   80.5086
 58.20,   79.7387
 58.40,   78.9760
 58.60,   78.2204
 58.80,   77.4719
 59.00,   76.7306
 59.20,   75.9964
 59.40,   75.2693
 59.60,   74.5494
 59.80,   73.8366
 60.00,   73.1300
 61.00,   69.6986
 62.00,   66.4274
 63.00,   63.3101
 64.00,   60.3397
 65.00,   57.5079
 66.00,   54.8097
 67.00,   52.2401
 68.00,   49.7958
 69.00,   47.4678
 70.00,   45.2519
 71.00,   43.1421
 72.00,   41.1343
 73.00,   39.2224
 74.00,   37.4011
 75.00,   35.6676
 76.00,   34.0157
 77.00,   32.4433
 78.00,   30.9453
 79.00,   29.5177
 80.00,   28.1584
 81.00,   26.8634
 82.00,   25.6306
 83.00,   24.4548
 84.00,   23.3342
 85.00,   22.2675
 86.00,   21.2499
 87.00,   20.2801
 88.00,   19.3562
 89.00,   18.4762
 90.00,   17.6360
 91.00,   16.8365
 92.00,   16.0728
 93.00,   15.3457
 94.00,   14.6523
 95.00,   13.9905
 96.00,   13.3603
 97.00,   12.7587
 98.00,   12.1846
 99.00,   11.6380
100.00,   11.1159
105.00,    8.8461
110.00,    7.0596
115.00,    5.6569
120.00,    4.5509
125.00,    3.6741
130.00,    2.9788
135.00,    2.4231
140.00,    1.9778
145.00,    1.6196
150.00,    1.3306
155.00,    1.0966
160.00,    0.9047
165.00,    0.7464
170.00,    0.6155
175.00,    0.5062
180.00,    0.4149
185.00,    0.3390
190.00,    0.2761
195.00,    0.2240
200.00,    0.1811
210.00,    0.1170
220.00,    0.0744
230.00,    0.0456
240.00,    0.0285
250.00,    0.0173
260.00,    0.0103
270.00,    0.0060
278.00,    0.0039
300.00,    0.0016
350.00,    0.0002
400.00,    0.0001